-0.05,-0.04,1.00,-0.42,-2.01,0.20
-0.03,-0.05,0.99,-0.33,-0.90,0.26
-0.03,-0.05,1.00,-0.21,1.02,0.56
0.00,-0.06,1.00,2.51,11.84,0.26
-1.55,0.79,2.08,-6.72,252.98,2.32
-0.58,0.34,1.35,-177.88,143.83,-249.89
0.40,0.90,-0.26,-249.87,-7.87,-131.93
0.15,-0.48,-0.97,-249.87,-53.48,-27.54
-1.65,-2.10,-1.35,-249.87,27.64,-198.74
0.45,1.80,-1.22,-108.14,167.52,-249.89
1.30,1.90,-1.92,250.40,-31.85,250.38
0.40,1.90,-1.74,250.40,-247.29,250.38
0.82,1.90,1.69,250.40,-12.87,-24.32
1.44,1.90,1.40,-120.20,100.88,-185.86
0.75,1.36,0.17,-249.87,50.68,-135.13
0.60,0.34,-0.04,-249.87,87.62,-112.98
-0.28,-1.71,0.60,-249.87,67.87,102.55
-0.69,-0.34,-0.69,-249.87,95.64,-243.97
0.88,1.12,-1.07,-249.87,70.17,-249.89
2.18,1.39,-1.61,-51.95,-169.38,-249.89
0.48,0.70,-1.75,250.40,98.52,250.38
0.41,1.38,-1.82,250.40,-218.17,112.88
0.51,1.90,-0.43,250.40,-166.70,89.50
1.21,1.90,1.90,78.61,-116.76,-84.67
0.84,1.59,1.64,-110.17,100.52,-102.62
0.62,1.19,0.44,-249.87,148.07,-75.39
0.54,0.56,-0.50,-249.87,252.98,-64.74
0.15,-0.71,-0.88,-249.87,38.29,36.03
-1.10,-2.10,-0.84,143.69,-159.08,250.38
-1.82,-0.81,-0.66,-234.62,-129.13,-249.89
-0.41,0.89,-0.29,-174.53,51.72,-249.89
1.53,0.81,-0.86,-249.87,48.69,-249.89
1.40,1.04,-1.92,170.73,91.49,250.38
1.29,1.90,-1.92,250.40,77.52,250.38
-0.40,1.90,0.58,250.40,-128.48,202.96
1.16,1.90,1.84,99.22,-50.87,-182.64
0.37,1.86,1.00,-249.87,-6.03,-99.76
0.34,0.62,-0.02,-249.87,151.24,-175.74
0.63,0.29,-0.68,-249.87,175.39,-197.83
0.50,-0.65,-1.20,-231.72,-247.29,11.91
0.03,-0.90,-1.42,-110.00,-247.29,216.84
-1.82,-0.91,-1.40,-57.94,207.24,65.08
-0.27,0.12,-0.82,12.35,152.44,-249.89
1.00,0.29,-1.74,39.97,176.27,-136.17
0.81,0.99,-1.72,250.40,-64.59,65.24
0.43,1.90,-1.48,250.40,-187.75,80.81
0.89,1.90,1.54,250.40,-163.19,-50.88
0.96,1.90,0.90,-167.97,93.26,-231.72
0.70,1.10,0.80,-249.87,51.99,-46.76
0.31,0.37,0.38,-249.87,121.87,-11.32
0.40,0.02,-0.27,-249.87,182.36,36.35
-0.22,0.45,-1.49,-249.87,-56.00,203.39
-1.81,0.03,-1.25,202.97,-112.82,250.38
-1.82,-0.03,-0.62,65.28,72.64,-249.89
-0.18,1.22,0.13,-135.18,93.13,-249.89
1.88,0.74,-1.92,-226.80,62.91,-78.65
1.06,1.76,-1.92,250.40,13.65,250.38
1.19,1.90,-1.70,250.40,-247.29,250.38
1.63,1.90,1.57,250.40,-247.29,250.38
1.33,1.90,0.93,-231.18,103.53,-249.89
0.39,1.44,1.02,-249.87,37.55,-180.48
0.26,0.30,0.33,-249.87,123.45,-115.09
0.30,-0.20,-0.49,-249.87,131.39,-5.10
-0.50,-1.05,-1.17,-111.77,-40.67,239.20
-1.82,-1.78,-0.53,-31.82,71.36,68.48
-1.82,-0.49,-0.19,-112.40,150.75,-249.89
0.04,0.41,-0.52,-181.71,147.39,-249.89
1.67,0.63,-1.92,45.23,12.63,-17.56
0.77,1.90,-1.92,250.40,-51.45,250.38
0.53,1.90,-1.53,250.40,-247.29,164.76
1.51,1.90,1.77,223.45,-65.13,-14.61
1.02,1.90,0.96,-249.87,115.78,-243.97
0.48,1.19,0.67,-249.87,15.05,-52.32
0.55,0.26,-0.13,-249.87,208.90,-117.38
0.40,-0.31,-0.62,-249.87,23.73,1.97
-0.10,-1.06,-1.39,-46.13,-247.29,93.21
-1.59,-1.99,-0.32,-32.69,26.93,205.73
-1.59,-0.47,-0.53,-192.65,129.74,-249.89
0.74,0.31,-1.42,-119.73,99.16,-249.89
0.57,0.11,-1.64,250.40,108.69,138.44
0.95,1.64,-1.78,250.40,12.77,118.12
0.49,1.90,-1.23,250.40,-247.29,243.16
0.41,1.90,1.52,82.57,95.84,-161.81
0.70,1.90,0.63,-249.87,112.40,-196.22
0.24,1.23,0.99,-249.87,40.44,-139.22
0.13,-0.15,0.27,-249.87,66.81,-75.71
0.27,0.07,-0.92,-249.87,-27.69,-73.51
0.08,-0.13,-0.92,216.87,-145.86,201.19
-1.82,-2.10,-0.11,45.95,64.31,250.38
-1.82,-0.67,-0.22,-140.49,89.39,-249.89
-0.35,0.13,-0.75,-163.56,152.55,-249.89
1.21,0.47,-1.92,195.12,153.30,32.85
0.77,1.90,-1.92,250.40,-42.67,250.38
1.60,1.90,0.64,250.40,-247.29,161.66
0.90,1.90,0.91,-237.04,-46.12,-249.89
0.33,1.38,0.41,-249.87,123.36,-160.54
0.33,0.13,0.26,-249.87,95.09,-137.32
0.17,-0.74,-0.14,-249.87,27.93,35.99
-0.35,-0.91,-0.49,-184.23,9.32,250.38
-1.82,-1.10,-0.19,-166.04,169.07,219.58
-1.70,0.36,-0.52,-68.84,157.04,-249.89
0.48,0.53,-0.87,-86.66,45.78,-249.89
1.40,0.24,-1.92,117.81,63.99,8.61
0.44,1.54,-1.92,250.40,-52.62,139.55
1.30,1.90,-0.80,250.40,-114.53,250.38
-0.69,1.37,1.55,-28.64,58.90,-26.10
0.92,1.65,1.04,-249.87,177.22,-240.80
0.35,0.20,0.87,-249.87,118.56,-127.25
0.01,-0.40,0.13,-249.87,188.18,-67.06
0.16,-0.66,-0.19,-172.76,123.19,99.23
-0.34,-0.13,-0.52,-101.61,117.87,250.38
-1.82,1.21,-1.49,-249.87,252.98,250.38
-1.82,1.52,-1.50,219.78,42.65,-249.89
-1.00,1.90,-0.82,182.67,-102.48,-249.89
0.76,1.16,-1.92,-67.69,-107.68,-249.89
0.52,1.90,-1.92,250.40,25.73,148.02
1.79,1.90,0.21,250.40,-227.06,106.83
0.49,0.77,0.88,-194.33,-38.68,-135.01
0.78,1.28,0.87,-125.58,218.39,-156.32
-0.02,0.53,0.89,-248.33,111.59,-34.70
-0.19,-0.11,0.68,-231.56,238.06,-74.44
-0.59,-0.59,0.49,-249.87,148.13,-60.62
-0.28,-0.62,-0.59,-249.87,72.33,-40.48
-0.17,-0.48,-0.82,45.60,-95.25,0.23
-0.19,-0.37,-0.41,222.77,-153.28,26.00
-0.68,-0.49,1.33,250.40,-71.56,88.05
-0.59,-0.64,0.94,95.46,-165.74,-8.36
